"TOA5","CR3000_IP","CR3000","8552","CR3000.Std.26","CPU:2019-10-22_Mobile-PM_Gill-RS232_T-RH_LI75.CR3","47685","slowdata"
"TIMESTAMP","RECORD","CPC_aux_Avg","LiveBin_1dM_Avg","LiveBin_16dM_Avg","Ts_Avg","Pressure_kPa_Avg","BattV_Min","PTemp_C"
"TS","RN","p/cm3","ug/m^3","ug/m^3","degC","kPa","Volts","Deg C"
"","","Avg","Avg","Avg","Avg","Avg","Min","Smp"
"2019-10-24 17:12:00",50,15.2462,5.619266,0,25.11,83.3,12.45,27.08
"2019-10-24 17:13:00",51,-4.403157,5.5206,0.7765,25.44,83.3,12.43,27.09
"2019-10-24 17:14:00",52,-27.35476,5.794766,0.7765,24.94,83.2,12.44,27.09
"2019-10-24 17:15:00",53,-33.07906,5.502299,0,25,83.3,12.43,27.1
"2019-10-24 17:16:00",54,-34.01475,5.662567,0.7765,25.55,83.3,12.43,27.11
"2019-10-24 17:17:00",55,-30.16209,5.776033,0.7765,25.18,83.3,12.39,27.11
"2019-10-24 17:18:00",56,-42.05086,6.254633,0.7765,25.08,83.3,12.45,27.11
"2019-10-24 17:19:00",57,9073.068,6.323333,1.553,23.92,83.3,12.41,27.12
"2019-10-24 17:20:00",58,20883.28,6.175467,1.553,21.89,83.3,12.43,27.12
"2019-10-24 17:21:00",59,37005.71,7.007633,0,20.88,83.2,12.43,27.14
"2019-10-24 17:22:00",60,36262.29,7.409667,1.553,21.1,83.2,12.42,27.15
"2019-10-24 17:23:00",61,37135.8,7.422566,0.7765,21.27,83.2,12.39,27.17
"2019-10-24 17:24:00",62,34195.27,7.594933,1.553,21.21,83.2,12.38,27.19
"2019-10-24 17:25:00",63,31290.51,7.595633,0,21.05,83.3,12.41,27.2
"2019-10-24 17:26:00",64,27603.37,7.082533,1.553,21,83.3,12.37,27.22
"2019-10-24 17:27:00",65,26517.81,7.280833,0,21.03,83.3,12.39,27.23
"2019-10-24 17:28:00",66,24660.9,6.4387,0,20.99,83.2,12.4,27.25
"2019-10-24 17:29:00",67,24701.98,6.814267,1.553033,21.09,83.2,12.35,27.24
"2019-10-24 17:30:00",68,25399.31,7.248066,3.106,20.81,83.2,12.36,27.23
"2019-10-24 17:31:00",69,19339.91,7.7349,1.553,22.27,83.2,12.34,27.21
"2019-10-24 17:32:00",70,2264.462,7.9336,0.7765,24.16,83.2,12.34,27.2
"2019-10-24 17:33:00",71,241.0751,7.280133,0,25.02,83.2,12.36,27.19
"2019-10-24 17:34:00",72,262.2657,6.0899,0,25.36,83.2,12.37,27.19
"2019-10-24 17:35:00",73,262.3753,6.9222,0.7765,25.38,83.2,12.32,27.2
"2019-10-24 17:36:00",74,206.4,8.231566,3.882533,25.54,83.2,12.39,27.21
"2019-10-24 17:37:00",75,1063.096,10.58547,0,25.37,83.2,12.4,27.22
"2019-10-24 17:38:00",76,310.4247,11.54947,0.7765,24.87,83.2,12,27.22
"2019-10-24 17:39:00",77,263.036,11.22847,0.7765,25.42,83.2,12.37,27.23
"2019-10-24 17:40:00",78,218.344,9.742566,0,25.28,83.2,12.39,27.23
"2019-10-24 17:41:00",79,234.3615,9.755099,1.553,25.66,83.2,12.36,27.24
"2019-10-24 17:42:00",80,233.3155,9.809,0.7765,25.46,83.2,12.38,27.24
"2019-10-24 17:43:00",81,261.0549,10.47443,0.7765,25.4,83.2,12.36,27.23
"2019-10-24 17:44:00",82,205.0788,10.41423,0.7765,25.2,83.2,12.34,27.23
"2019-10-24 17:45:00",83,170.5684,10.51917,1.553,24.77,83.2,12.38,27.23
"2019-10-24 17:46:00",84,179.2098,10.1277,0.7765,25.1,83.2,12.34,27.23
"2019-10-24 17:47:00",85,221.3711,15.43637,1.553,25.12,83.2,12.37,27.23
"2019-10-24 17:48:00",86,192.8043,15.55367,0,25.22,83.2,12.37,27.23
"2019-10-24 17:49:00",87,187.135,14.74353,0.7765,25.32,83.2,12.36,27.22
"2019-10-24 17:50:00",88,-698.7866,"NAN","NAN",25.28,83.2,12.37,27.21
"2019-10-29 10:30:00",89,-771.6345,0,0,4.99,81,12.55,12.26
"2019-10-29 10:31:00",90,-771.6309,"NAN","NAN",5.43,82.4,12.09,12.19
"2019-10-29 10:32:00",91,-692.2608,"NAN","NAN",5.684,83,12.19,12.13
"2019-10-29 10:33:00",92,-372.0964,0.3109,0,5.648,83.2,12.22,12.09
"2019-10-29 10:34:00",93,-366.6424,1.020067,2.3295,5.691,83.3,12.23,12.09
"2019-10-29 10:35:00",94,-365.0998,1.026633,0,6.556,83.3,12.23,12.09
"2019-10-29 10:36:00",95,-360.2532,1.0385,0,5.91,83.4,12.22,12.1
"2019-10-29 10:37:00",96,-361.2436,1.043667,0.7765,5.735,83.4,12.23,12.12
"2019-10-29 10:38:00",97,-356.9477,0.9985333,0,5.375,83.4,12.23,12.12
"2019-10-29 10:39:00",98,-353.4781,1.182333,0,5.146,83.4,12.22,12.12
"2019-10-29 12:07:00",246,5086.369,14.0837,1.553,9.99,83.3,12.08,18.85
"2019-10-29 12:08:00",247,7872.493,13.60923,0.7765,9.74,83.3,12.07,18.87
"2019-10-29 12:09:00",248,7411.479,14.0265,0,9.9,83.3,12.05,18.9
"2019-10-29 12:10:00",249,9394.746,14.6304,0,10.52,83.3,12.05,18.93
"2019-10-29 12:11:00",250,2072.204,14.33,0.7765,9.72,83.3,12,18.98
"2019-10-29 12:12:00",251,4375.414,14.64013,0.7765,9.71,83.3,12.04,19.02
"2019-10-29 12:13:00",252,52.58064,14.4749,2.3295,9.7,83.3,12.03,19.08
"2019-10-29 12:14:00",253,50.43334,14.51207,0.7765,10.49,83.3,12.05,19.13
"2019-10-29 12:15:00",254,6513.803,14.28943,1.553,10.73,83.3,12.03,19.19
"2019-10-29 12:16:00",255,"NAN",14.27773,3.106,10.54,"NAN","NAN",19.25
"2019-10-29 12:17:00",256,1549.617,14.46523,0,10.51,86.4,12.02,19.3
"2019-10-29 12:18:00",257,475.5358,14.32927,0.7765,10.46,84.3,12,19.36
"2019-10-29 12:19:00",258,3298.905,13.4366,0,9.84,83.7,12,19.41
"2019-10-29 12:20:00",259,205.641,13.7531,0,9.58,83.4,12.02,19.47
"2019-10-29 12:21:00",260,2814.937,14.45333,0.7765,9.77,83.3,11.97,19.52
"2019-10-29 12:22:00",261,10536.38,14.2078,0.7765,9.87,83.3,12,19.58
"2019-10-29 12:23:00",262,1508.194,14.5075,0,9.85,83.3,11.98,19.63
"2019-10-29 12:24:00",263,3663.098,14.62313,1.553,9.99,83.3,11.88,19.68
"2019-10-29 12:25:00",264,7522.87,14.44283,0,10.15,83.3,11.82,19.73
"2019-10-29 12:26:00",265,4114.601,13.60133,0,10.21,83.3,12,19.78
"2019-10-29 12:27:00",266,2112.608,14.20097,0,10.24,83.3,12.01,19.82
"2019-10-29 12:28:00",267,9712.722,13.88147,0,10.34,83.3,11.95,19.86
"2019-10-29 12:29:00",268,4120.737,13.5804,0,10.52,83.3,12.01,19.9
"2019-10-29 12:30:00",269,1869.621,13.25883,0,10.48,83.3,12,19.93
"2019-10-29 12:31:00",270,2539.042,13.14407,0,10.16,83.3,12,19.96
"2019-10-29 12:32:00",271,12349.85,12.92067,0,10.1,83.3,11.98,19.99
"2019-10-29 12:33:00",272,8269.504,12.67417,0,10.06,83.3,11.99,20.02
"2019-10-29 12:34:00",273,6380.498,12.38467,0,9.98,83.3,11.98,20.04
"2019-10-29 12:35:00",274,1135.812,13.08017,0,10.28,83.3,11.97,20.07
"2019-10-29 12:36:00",275,1915.455,13.47897,0,10.25,83.3,11.97,20.08
"2019-10-29 12:37:00",276,468.1953,12.93423,0.7765,10.35,83.3,12.01,20.1
"2019-10-29 12:38:00",277,4261.99,13.10997,0,10.26,83.3,11.98,20.12
"2019-10-29 12:39:00",278,3406.914,13.31497,0.7765,10.27,83.3,12,20.14
"2019-10-29 12:40:00",279,371.0208,13.6972,0.7765,10.21,83.3,11.98,20.15
"2019-10-29 12:41:00",280,1107.995,12.7102,0,9.59,83.3,11.96,20.17
"2019-10-29 12:42:00",281,664.5771,12.93187,8.541566,12.26,83.3,11.97,20.19
"2019-10-29 12:43:00",282,1706.442,12.41607,34.943,13,83.3,11.96,20.2
"2019-10-29 12:44:00",283,3360.8,10.8846,21.7421,13.21,83.3,11.88,20.21
"2019-10-29 12:45:00",284,2347.837,"NAN","NAN",13.15,83.3,11.87,20.21
"2019-10-30 12:22:00",285,-723.7471,0,0,7.52,81,13,11.96
"2019-10-30 12:23:00",286,-722.8638,"NAN","NAN",7.515,82.5,12.52,11.93
"2019-10-30 12:24:00",287,-723.5754,"NAN","NAN",7.552,83.1,12.44,11.9
"2019-10-30 12:25:00",288,-383.2359,"NAN","NAN",7.985,83.3,12.41,11.87
"2019-10-30 12:26:00",289,-357.4586,1.614667,0,7.622,83.3,12.41,11.85
"2019-10-30 12:27:00",290,-360.2123,2.268867,0.7765,7.837,83.4,12.4,11.83
"2019-10-30 12:28:00",291,-351.3985,2.271966,0.7765,7.558,83.4,12.41,11.81
"2019-10-30 12:29:00",292,-354.8145,2.270566,0,7.632,83.4,12.41,11.8
"2019-10-30 12:30:00",293,-351.2332,2.2662,0,7.636,83.4,12.41,11.79
"2019-10-30 12:31:00",294,-348.4791,2.202266,0.7765,7.655,83.4,12.41,11.79
"2019-10-30 12:32:00",295,-351.673,2.229,0,7.684,83.4,12.41,11.78
"2019-10-31 10:05:00",395,2253.81,1.508733,13.97713,11.67,83.4,12.42,11.89
"2019-10-31 10:06:00",396,4514.737,1.610767,22.51877,11.44,83.4,12.4,11.95
"2019-10-31 10:07:00",397,4313.263,1.5319,25.62493,11.44,83.4,12.44,12.01
"2019-10-31 10:08:00",398,5747.946,2.1132,23.29537,6.317,83.4,12.45,12.07
"2019-10-31 10:09:00",399,7675.589,2.474866,1.553,3.712,83.4,12.28,12.13
"2019-10-31 10:10:00",400,10130.93,2.482033,0,3.854,83.4,12.05,12.2
"2019-10-31 10:11:00",401,17674.71,2.5308,0,3.975,83.4,12.31,12.26
"2019-10-31 10:12:00",402,"NAN",2.6757,3.882533,4.142,"NAN","NAN",12.31
"2019-10-31 10:13:00",403,"NAN",2.524,0,4.015,87.2,12.45,12.35
"2019-10-31 10:14:00",404,"NAN",2.528933,1.553,3.913,84.6,12.45,12.39
"2019-10-31 10:15:00",405,15082.95,2.523333,0,3.734,83.8,12.44,12.42
"2019-10-31 10:16:00",406,"NAN",2.5088,3.106,3.827,"NAN","NAN",19.36
"2019-10-31 10:17:00",407,"NAN",2.4994,1.553,3.544,"NAN","NAN",12.46
"2019-10-31 10:18:00",408,"NAN",2.498633,0.7765,3.822,"NAN",12.45,12.26
"2019-10-31 10:19:00",409,"NAN",2.547666,1.553,3.598,"NAN","NAN",12.33
"2019-10-31 10:20:00",410,"NAN",2.525133,0.7765,3.624,"NAN","NAN",12.35
"2019-10-31 10:21:00",411,"NAN",2.611066,0.7765,2.855,87.8,12.42,12.37
"2019-10-31 10:22:00",412,"NAN",2.569033,0,3.23,"NAN","NAN",12.47
"2019-10-31 10:23:00",413,26890.04,2.526067,0.7765,2.969,87.9,12.44,12.46
"2019-10-31 10:24:00",414,"NAN",2.5784,0.7765,3.501,"NAN","NAN",12.46
"2019-10-31 10:25:00",415,"NAN",2.496266,0.7765,3.31,"NAN","NAN",12.26
"2019-10-31 10:26:00",416,21540.97,2.563866,0.7765,3.363,86.3,12.41,12.31
"2019-10-31 10:27:00",417,"NAN",2.510867,0.7765,3.008,84.3,12.41,12.38
"2019-10-31 10:28:00",418,11805.58,2.470867,0.7765,2.879,83.7,12.43,12.42
"2019-10-31 10:29:00",419,11108.6,2.4397,0,2.844,83.5,12.41,12.45
"2019-10-31 10:30:00",420,"NAN",2.452567,0.7765,2.729,"NAN","NAN",12.39
"2019-10-31 10:31:00",421,14440.79,2.563633,0.7765,3.236,87,12.36,12.43
"2019-10-31 10:32:00",422,12392.93,2.4579,0,3.079,84.6,12.35,12.48
"2019-10-31 10:33:00",423,12248.77,2.548966,0,2.742,83.8,12.39,12.52
"2019-10-31 10:34:00",424,11270.13,2.4884,1.553,2.72,83.5,12.36,12.54
"2019-10-31 10:35:00",425,13652.46,2.6676,1.553,2.739,83.4,12.41,12.54
"2019-10-31 10:36:00",426,"NAN",2.518167,1.553,2.455,"NAN","NAN",12.49
"2019-10-31 10:37:00",427,9492.416,2.469633,0,2.552,87.9,12.39,12.57
"2019-10-31 10:38:00",428,18757.23,2.463833,0,2.815,84.8,12.41,12.67
"2019-10-31 10:39:00",429,14580.52,2.4794,0,2.838,83.9,12.39,12.75
"2019-10-31 10:40:00",430,"NAN",2.490533,1.553,3.247,"NAN","NAN",17.36
"2019-10-31 10:41:00",431,"NAN",2.450567,0.7765,2.932,"NAN",12.42,12.96
"2019-10-31 10:42:00",432,"NAN",2.5247,1.553,3.445,89.1,12.4,13.04
"2019-10-31 10:43:00",433,18989.62,2.466533,1.553,3.288,89.8,12.37,13.12
"2019-10-31 10:44:00",434,10565.85,2.405933,0,2.856,85.3,12.4,13.2
"2019-10-31 10:45:00",435,10133.07,2.4089,0.7765,2.793,84,12.4,13.27
"2019-10-31 10:46:00",436,8468.063,2.4272,1.553,2.657,83.6,12.4,13.34
"2019-10-31 10:47:00",437,7842.932,2.422566,0,2.794,83.4,12.41,13.41
"2019-10-31 10:48:00",438,"NAN",2.4214,0,2.934,83.4,12.2,13.48
"2019-10-31 10:49:00",439,7674.729,2.4202,1.553,2.979,83.4,12.16,13.54
"2019-10-31 10:50:00",440,8755.315,2.421267,0.7765,3.179,83.4,12.01,13.6
"2019-10-31 10:51:00",441,8967.203,2.442066,0,3.202,83.4,12.39,13.66
"2019-10-31 10:52:00",442,10280.76,2.417033,0,3.253,83.3,12.42,13.71
"2019-10-31 10:53:00",443,12036.42,2.4628,0.7765,3.393,83.4,12.42,13.76
"2019-10-31 10:54:00",444,11752.36,2.432433,0,3.368,83.4,12.42,13.8
"2019-10-31 10:55:00",445,13416.4,2.420633,0.7765,3.325,83.4,12.41,13.85
"2019-10-31 10:56:00",446,"NAN",2.399467,0.7765,3.622,"NAN","NAN",20.76
"2019-10-31 10:57:00",447,"NAN",2.3748,0,2.81,"NAN","NAN",13.93
"2019-10-31 10:58:00",448,9557.744,2.377867,0,3.398,85.2,12.43,13.97
"2019-10-31 10:59:00",449,"NAN",2.4303,4.659033,3.339,84,12.42,14.01
"2019-10-31 11:00:00",450,11879.71,2.6929,1.553,3.458,83.6,12.41,14.05
"2019-10-31 11:01:00",451,10361.75,2.418933,0.7765,3.267,83.4,12.36,14.08
"2019-10-31 11:02:00",452,11252.1,2.385267,0,3.089,83.4,12.41,14.12
"2019-10-31 11:03:00",453,"NAN",2.380233,0.7765,3.719,83.4,12.4,14.15
"2019-10-31 11:04:00",454,"NAN",2.378733,1.553,2.979,"NAN","NAN",14.19
"2019-10-31 11:05:00",455,11311.4,2.385933,0,2.896,85.7,12.4,14.23
"2019-10-31 11:06:00",456,10062.75,2.3605,0.7765,3.401,84.1,12.41,14.26
"2019-10-31 11:07:00",457,6586.854,2.168633,0,4.789,83.6,12.37,14.3
"2019-10-31 11:08:00",458,3610.883,1.128233,3.882533,9.99,83.5,12.35,14.34
"2019-10-31 11:09:00",459,4034.989,1.2832,11.64757,9.9,83.4,12.38,14.38
"2019-10-31 11:10:00",460,3805.195,1.252267,8.541566,10.16,83.4,12.36,14.41
"2019-10-31 11:11:00",461,3932.86,1.3073,6.988533,10.65,83.4,12.36,14.45
"2019-10-31 11:12:00",462,3616.859,1.152533,8.541566,10.67,83.4,12.37,14.46
"2019-10-31 11:13:00",463,3969.644,1.2827,6.212,10.69,83.4,12.36,14.47
"2019-10-31 11:14:00",464,3876.258,1.2626,13.97707,10.83,83.4,12.36,14.47
"2019-10-31 11:15:00",465,3664.317,1.169867,19.4128,10.92,83.4,12.36,14.46
"2019-10-31 11:16:00",466,749.7922,"NAN","NAN",10.69,83.4,12.36,14.44
"2019-10-31 11:17:00",467,-444.3885,"NAN","NAN",10.5,83.4,12.65,14.42
"2019-10-31 11:18:00",468,-444.4358,"NAN","NAN",10.52,83.4,12.58,14.38
"2019-10-31 11:19:00",469,-436.5548,"NAN","NAN",10.54,83.4,12.58,14.34
"2019-11-14 09:31:00",470,-722.0172,0,0,12.26,81.9,12.67,13.32
"2019-11-14 09:32:00",471,-708.7991,"NAN","NAN",12.25,82.8,12.28,13.32
"2019-11-14 09:33:00",472,-591.8751,"NAN","NAN",12.31,83.2,12.32,13.32
"2019-11-14 09:34:00",473,-394.3774,0,0,12.42,83.3,12.32,13.33
"2019-11-14 09:35:00",474,-386.3351,0,0,12.48,83.3,12.27,13.35
"2019-11-14 09:36:00",475,-389.692,0,0,12.32,83.3,12.29,13.36
"2019-11-14 09:37:00",476,-381.43,0,0,12.46,83.4,12.3,13.39
"2019-11-14 09:38:00",477,-387.5975,0,0,12.32,83.3,12.27,13.41
"2019-11-14 09:39:00",478,-378.5078,0,0,12.49,83.3,12.28,13.44
"2019-11-14 09:40:00",479,-386.8781,0,0,12.75,83.3,12.26,13.47
"2019-11-14 09:41:00",480,-381.9213,"NAN","NAN",12.44,83.3,12.24,13.5
"2019-11-14 09:42:00",481,-389.5758,"NAN","NAN",12.41,83.3,12.26,13.54
"2019-11-14 09:43:00",482,-393.0428,0.1143667,4.659066,12.54,83.3,12.26,13.59
"2019-11-14 09:44:00",483,-386.7105,0.3191,10.0946,12.77,83.4,12.28,13.64
"2019-11-14 09:45:00",484,-394.255,0.3342,10.8711,12.85,83.4,12.27,13.69
"2019-11-14 10:47:00",546,15040.41,1.001,1.553,4.841,83.7,12.25,14.94
"2019-11-14 10:48:00",547,"NAN",1.014533,0.7765,4.775,"NAN","NAN",14.94
"2019-11-14 10:49:00",548,11366.61,1.024067,0.7765,4.878,88.1,12.25,14.93
"2019-11-14 10:50:00",549,12346.67,1.1229,0.7765,4.959,84.9,12.25,14.93
"2019-11-14 10:51:00",550,13196.85,1.0292,0,4.946,83.9,12.24,14.92
"2019-11-14 10:52:00",551,25829.39,1.025933,2.3295,5.095,83.5,12.25,14.91
"2019-11-14 10:53:00",552,13145.33,1.010567,0.7765,5.106,83.4,12.25,14.9
"2019-11-14 10:54:00",553,15010.69,0.9973667,3.106,5.083,83.4,12.26,14.89
"2019-11-14 10:55:00",554,20911.64,1.013733,1.553,5.128,83.4,12.22,14.88
"2019-11-14 10:56:00",555,15156.2,1.015633,0,5.185,83.3,12.25,14.87
"2019-11-14 10:57:00",556,18003.13,1.0077,0.7765,5.183,83.3,12.25,14.87
"2019-11-14 10:58:00",557,16464.37,1.0107,0,5.125,83.3,12.25,14.86
"2019-11-14 10:59:00",558,15232.25,1.013267,0.7765,5.196,83.3,12.21,14.85
"2019-11-14 11:00:00",559,16863.65,1.005267,0,5.046,83.3,12.26,14.85
"2019-11-14 11:01:00",560,12886.36,0.9812667,0.7765,5.058,83.3,12.24,14.85
"2019-11-14 11:02:00",561,13801.62,0.9934666,0,5.277,83.4,12.21,14.85
"2019-11-14 11:03:00",562,15040.83,0.9781333,1.553,5.329,83.4,12.24,14.86
"2019-11-14 11:04:00",563,13968.08,0.9604999,0,5.448,83.3,12.23,14.86
"2019-11-14 11:05:00",564,15439.88,0.9542333,0.7765,5.34,83.3,12.23,14.87
"2019-11-14 11:06:00",565,20018.81,0.9703,0.7765,5.399,83.3,12.23,14.88
"2019-11-14 11:07:00",566,18941.94,0.9568333,1.553,5.373,83.4,12.23,14.88
"2019-11-14 11:08:00",567,18562.49,1.020133,0,5.355,83.4,12.19,14.9
"2019-11-14 11:09:00",568,23019.02,1.0282,0,5.316,83.3,12.22,14.91
"2019-11-14 11:10:00",569,18886.76,0.934,0.7765,5.165,83.3,12.21,14.92
"2019-11-14 11:11:00",570,11270,0.9323,1.553,5.201,83.3,12.22,14.93
"2019-11-14 11:12:00",571,9564.844,0.9316666,0,5.01,83.3,12.23,14.94
"2019-11-14 11:13:00",572,6415.01,0.6209,2.3295,8.48,83.3,12.22,14.95
"2019-11-14 11:14:00",573,2713.934,0.2945,9.318033,11.04,83.3,12.2,14.97
"2019-11-14 11:15:00",574,2937.727,0.3189,6.9885,11.27,83.3,12.2,14.99
"2019-11-14 11:16:00",575,2714.99,"NAN","NAN",11.16,83.3,12.23,15.01
"2019-11-14 11:17:00",576,-529.793,"NAN","NAN",11.39,83.4,12.53,15.03
"2019-11-14 11:18:00",577,-520.6523,"NAN","NAN",11.34,83.4,12.57,15.04
"2019-11-14 14:00:00",578,-867.3975,0,0,12.1,81.1,12.75,13.92
"2019-11-14 14:01:00",579,-854.8359,"NAN","NAN",12.13,82.5,12.76,13.92
"2019-11-14 14:02:00",580,-854.8322,"NAN","NAN",12.15,83.1,12.84,13.91
"2019-11-14 14:03:00",581,-867.3864,"NAN","NAN",12.16,83.3,12.8,13.91
"2019-11-14 14:04:00",582,-867.3763,"NAN","NAN",12.15,83.3,12.77,13.89
"2019-11-14 14:05:00",583,-854.4893,"NAN","NAN",12.16,"NAN",12.31,13.89
"2019-11-14 14:06:00",584,-601.9842,"NAN","NAN",12.06,81.3,12.37,13.89
"2019-11-14 14:07:00",585,-378.5022,0.4642333,9.3181,12.17,82.7,12.45,13.91
"2019-11-14 14:08:00",586,-381.9698,0.4685333,6.9885,11.9,83.1,12.43,13.95
"2019-11-14 14:09:00",587,-366.8793,0.4772667,9.318033,11.98,83.3,12.43,13.99
"2019-11-14 14:10:00",588,-379.8195,0.4482,6.212,11.83,83.3,12.43,14.04
"2019-11-14 14:11:00",589,-375.4124,0.4853,11.6476,11.86,83.3,12.42,14.08
"2019-11-14 14:12:00",590,-374.0897,0.4469333,8.541533,11.96,83.4,12.42,14.12
"2019-11-14 14:13:00",591,-376.6236,0.4714333,9.317999,11.77,83.4,12.4,14.16
"2019-11-14 14:14:00",592,-373.9789,0.4614,8.541599,11.83,83.4,12.44,14.19
"2019-11-14 14:15:00",593,-397.163,0.4707,3.106,11.82,83.4,12.43,14.22
"2019-11-14 14:16:00",594,-369.9043,0.4476333,2.3295,11.83,83.4,12.44,14.25
"2019-11-14 14:17:00",595,3103.678,0.4446,3.8825,11.87,83.4,12.42,14.27
"2019-11-14 14:18:00",596,5492.975,0.4940333,6.988533,11.96,83.4,12.39,14.29
"2019-11-14 14:19:00",597,5298.487,0.4725,3.8825,11.94,83.4,12.45,14.31
"2019-11-14 14:20:00",598,5234.068,0.4710667,0.7765,11.72,83.4,12.44,14.33
"2019-11-14 14:21:00",599,5275.791,0.4706333,2.3295,11.8,83.4,12.46,14.35
"2019-11-14 14:22:00",600,5358.548,0.4655333,3.106,11.79,83.4,12.42,14.36
"2019-11-14 14:23:00",601,5739.664,0.5038334,2.3295,11.98,83.4,12.47,14.38
"2019-11-14 14:24:00",602,5428.846,0.4698667,1.553,12.03,83.4,12.44,14.41
"2019-11-14 14:25:00",603,7036.99,0.5783333,0.7765,8.33,83.4,12.44,14.43
"2019-11-14 14:26:00",604,7697.077,0.6135666,0,8.02,83.4,12.41,14.46
"2019-11-14 14:27:00",605,7895.418,0.6287,0,8.23,83.4,12.39,14.48
"2019-11-14 14:28:00",606,9356.64,0.6138333,0,"NAN",83.4,12.45,14.51
"2019-11-14 14:29:00",607,8617.671,0.6236666,0,"NAN",83.4,12.44,14.54
"2019-11-14 14:30:00",608,8404.794,0.6165,0,"NAN",83.4,12.42,14.57
"2019-11-14 14:31:00",609,"NAN",0.6392667,0,"NAN",83.4,12.45,14.61
"2019-11-14 14:32:00",610,"NAN",0.6627333,0.7765,7.67,"NAN","NAN",14.64
"2019-11-14 14:33:00",611,"NAN",0.6798333,3.106,7.939,"NAN","NAN",14.48
"2019-11-14 14:34:00",612,"NAN",0.6760666,3.8825,8.02,"NAN","NAN",14.33
"2019-11-14 14:35:00",613,14087.19,0.6795999,0,7.886,87.2,12.4,14.44
"2019-11-14 14:36:00",614,14613.88,0.6631,0.7765,7.811,84.7,12.41,14.58
"2019-11-14 14:37:00",615,15632.7,0.6759999,0,7.849,83.8,12.38,14.66
"2019-11-14 14:38:00",616,10965.44,0.6612666,0,7.711,83.5,12.41,14.75
"2019-11-14 14:39:00",617,12165.84,0.6845666,2.3295,7.662,83.4,12.4,14.8
"2019-11-14 14:40:00",618,21753.43,0.6995,1.553,7.994,83.4,12.4,14.85
"2019-11-14 14:41:00",619,19805.09,0.7157,0.7765,8.02,83.4,12.38,14.9
"2019-11-14 14:42:00",620,"NAN",0.7039999,0,7.987,"NAN","NAN",14.95
"2019-11-14 14:43:00",621,"NAN",0.6993666,0.7765,7.985,"NAN","NAN",14.99
"2019-11-14 14:44:00",622,"NAN",0.6913334,0.7765,7.855,"NAN","NAN",21.69
"2019-11-14 14:45:00",623,"NAN",0.6903666,1.553,8.03,"NAN","NAN",14.99
"2019-11-14 14:46:00",624,19850.34,0.6580666,0,7.924,87.4,12.34,15.05
"2019-11-14 14:47:00",625,"NAN",0.6351333,0,7.819,"NAN","NAN",15.12
"2019-11-14 14:48:00",626,"NAN",0.6844333,3.106,7.938,"NAN","NAN",14.94
"2019-11-14 14:49:00",627,"NAN",0.7103999,1.553,7.916,"NAN","NAN",15.07
"2019-11-14 14:50:00",628,10139.65,0.6601333,1.553,7.882,86.6,12.39,15.13
"2019-11-14 14:51:00",629,12927.84,0.6687333,0,7.834,84.5,12.36,15.19
"2019-11-14 14:52:00",630,11425.41,0.6381999,0.7765,7.843,83.7,12.39,15.26
"2019-11-14 14:53:00",631,9049.012,0.6495,2.3295,7.808,83.5,12.4,15.3
"2019-11-14 14:54:00",632,10451.45,0.6327667,3.882533,7.905,83.4,12.4,15.34
"2019-11-14 14:55:00",633,12123.7,0.6390666,0,7.86,83.4,12.41,15.39
"2019-11-14 14:56:00",634,"NAN",0.6561667,0.7765,8.06,83.4,12.4,15.43
"2019-11-14 14:57:00",635,19715.56,0.6799666,0,7.976,83.3,12.4,15.47
"2019-11-14 14:58:00",636,20919.98,0.6795666,1.553,7.777,83.3,12.37,15.51
"2019-11-14 14:59:00",637,28077.55,0.6312,0,7.812,83.4,12.4,15.54
"2019-11-14 15:00:00",638,13390.1,0.6504667,0,7.794,83.4,12.38,15.58
"2019-11-14 15:01:00",639,20918.03,0.6815,1.553,7.92,83.4,12.41,15.6
"2019-11-14 15:02:00",640,17279.99,0.6847667,2.3295,7.789,83.4,12.41,15.64
"2019-11-14 15:03:00",641,"NAN",0.6359333,0,7.743,"NAN","NAN",15.66
"2019-11-14 15:04:00",642,11608.22,0.6456333,1.553,7.772,86.6,12.37,15.69
"2019-11-14 15:05:00",643,12082.11,0.6325666,0,7.81,84.4,12.33,15.72
"2019-11-14 15:06:00",644,11009.66,0.7631333,0,7.816,83.7,12.36,15.75
"2019-11-14 15:07:00",645,10582.05,0.8264333,1.553,7.794,83.5,12.32,15.78
"2019-11-14 15:08:00",646,10191.45,0.7732666,0,7.711,83.4,12.33,15.8
"2019-11-14 15:09:00",647,10704.29,0.6182,0,7.894,83.4,12.32,15.83
"2019-11-14 15:10:00",648,10716.5,0.6288,1.553,7.803,83.4,12.27,15.86
"2019-11-14 15:11:00",649,10388.42,0.6310666,1.553,7.807,83.4,12.31,15.89
"2019-11-14 15:12:00",650,11839.89,0.6462666,0.7765,7.797,83.3,12.28,15.92
"2019-11-14 15:13:00",651,16431.9,0.6528333,0,7.763,83.3,12.29,15.95
"2019-11-14 15:14:00",652,"NAN",0.6803333,0,7.771,"NAN","NAN",15.98
"2019-11-14 15:15:00",653,"NAN",0.6657667,3.8825,7.662,86.6,12.25,16.01
"2019-11-14 15:16:00",654,13923.71,0.6411333,1.553,7.719,84.4,12.3,16.03
"2019-11-14 15:17:00",655,14299.29,0.6264333,0,7.675,83.7,12.29,16.06
"2019-11-14 15:18:00",656,13474.08,0.6355,0.7765,7.749,83.5,12.27,16.09
"2019-11-14 15:19:00",657,12891.61,0.6222667,0,7.636,83.4,12.28,16.11
"2019-11-14 15:20:00",658,17087.75,0.6983666,2.3295,7.781,83.4,12.27,16.14
"2019-11-14 15:21:00",659,10766.67,0.6315333,3.8825,7.673,83.4,12.28,16.16
"2019-11-14 15:22:00",660,12298.37,0.6537666,2.3295,7.68,83.3,12.27,16.18
"2019-11-14 15:23:00",661,"NAN",0.7062666,0,7.727,"NAN","NAN",16.21
"2019-11-14 15:24:00",662,10743.85,0.6375,1.553,7.705,88.1,12.23,16.23
"2019-11-14 15:25:00",663,12359.75,0.6396333,0.7765,7.777,84.9,12.27,16.25
"2019-11-14 15:26:00",664,19229.4,0.6639333,0,7.789,83.9,12.12,16.27
"2019-11-14 15:27:00",665,14449.84,0.6452,1.553,7.74,83.5,11.98,16.3
"2019-11-14 15:28:00",666,"NAN",0.6375333,0.7765,7.803,83.4,12.28,16.32
"2019-11-14 15:29:00",667,19445.4,0.6591333,2.3295,7.793,83.3,12.29,16.34
"2019-11-14 15:30:00",668,12227.66,0.6416666,1.553,7.714,83.3,12.29,16.36
"2019-11-14 15:31:00",669,18293.35,0.6532,1.553,7.804,83.3,12.28,16.38
"2019-11-14 15:32:00",670,15062.17,0.6668333,0.7765,7.8,83.3,12.28,16.4
"2019-11-14 15:33:00",671,"NAN",0.7178,1.553,7.827,"NAN",12.28,16.43
"2019-11-14 15:34:00",672,"NAN",0.6549333,1.553,7.836,"NAN","NAN",16.45
"2019-11-14 15:35:00",673,"NAN",0.6180333,0.7765,7.464,"NAN","NAN",16.25
"2019-11-14 15:36:00",674,"NAN",0.6173333,1.553,7.343,"NAN","NAN",16.34
"2019-11-14 15:37:00",675,"NAN",0.6186333,0.7765,7.98,"NAN","NAN",16.41
"2019-11-14 15:38:00",676,28020.3,0.6338,1.553,8.04,86.2,12.25,16.43
"2019-11-14 15:39:00",677,23822.77,0.6579666,0.7765,8.11,84.3,12.25,16.45
"2019-11-14 15:40:00",678,15067.76,0.6279333,1.553,7.926,83.7,12.28,16.46
"2019-11-14 15:41:00",679,"NAN",0.6463999,1.553,8.02,"NAN","NAN",16.48
"2019-11-14 15:42:00",680,16340.47,0.6291666,1.553,7.633,86.2,12.31,16.49
"2019-11-14 15:43:00",681,18083.69,0.6633666,0.7765,7.854,84.3,12.3,16.51
"2019-11-14 15:44:00",682,13941.5,0.6288666,0.7765,7.668,83.7,12.16,16.53
"2019-11-14 15:45:00",683,12353.87,0.6064333,3.882533,7.902,83.5,12.29,16.54
"2019-11-14 15:46:00",684,13872.04,0.6021333,0,7.876,83.4,12.25,16.55
"2019-11-14 15:47:00",685,15358.61,0.6111667,0,7.981,83.4,12.22,16.56
"2019-11-14 15:48:00",686,15626.98,0.6105667,0,7.907,83.3,12.26,16.57
"2019-11-14 15:49:00",687,"NAN",0.6222667,1.553,7.852,"NAN","NAN",16.58
"2019-11-14 15:50:00",688,21595.02,0.5967667,1.553,7.704,86.4,12.24,16.58
"2019-11-14 15:51:00",689,"NAN",0.6118,3.8825,7.788,84.4,12.24,16.59
"2019-11-14 15:52:00",690,15272.78,0.6056666,1.553,7.461,83.7,12.23,16.6
"2019-11-14 15:53:00",691,17883.79,0.5893333,1.553,7.419,83.5,12.23,16.61
"2019-11-14 15:54:00",692,7799.645,0.5559999,0,7.327,83.4,12.25,16.63
"2019-11-14 15:55:00",693,2605.566,0.1497333,0,12.1,83.4,12.25,16.64
"2019-11-14 15:56:00",694,2586.733,0.1678333,2.3295,11.6,83.3,12.24,16.65
"2019-11-14 15:57:00",695,3345.98,0.2337,17.0832,11.71,83.3,12.23,16.65
"2019-11-14 15:58:00",696,1144.183,"NAN","NAN",11.75,83.3,12.25,16.67
"2019-11-21 09:46:00",697,-707.2554,0,0,11.76,82.2,12.92,10.9
"2019-11-21 09:47:00",698,-705.4373,"NAN","NAN",11.76,82.8,12.38,10.9
"2019-11-21 09:48:00",699,-555.9396,"NAN","NAN",11.77,83.2,12.4,10.91
"2019-11-21 09:49:00",700,-339.6852,0.8724,5.435533,11.73,83.3,12.4,10.92
"2019-11-21 09:50:00",701,-334.6708,1.019,4.658999,11.78,83.4,12.37,10.93
"2019-11-21 09:51:00",702,-331.253,1.024533,6.212,11.59,83.4,12.38,10.95
"2019-11-21 09:52:00",703,-330.8659,1.066633,0,11.47,83.4,12.38,10.97
"2019-11-21 09:53:00",704,-325.6888,1.418633,1.553,11.22,83.4,12.36,10.99
"2019-11-21 09:54:00",705,-331.0844,1.654033,2.3295,11.01,83.4,12.38,11.01
"2019-11-21 09:55:00",706,-326.7325,1.778967,0,10.74,83.4,12.39,11.03
"2019-11-21 09:56:00",707,-327.7223,1.785667,0,10.57,83.4,12.38,11.05
"2019-11-21 09:57:00",708,-324.6916,1.963133,1.553,10.54,83.4,12.38,11.07
"2019-11-21 09:58:00",709,-318.8512,1.957367,0.7765,10.29,83.4,12.39,11.08
"2019-11-21 09:59:00",710,-319.8968,1.9142,0,10.24,83.4,12.39,11.11
"2019-11-21 10:00:00",711,-323.5864,1.9864,3.8825,10.21,83.4,12.39,11.13
"2019-11-21 10:01:00",712,-334.106,1.926767,0.7765,10.16,83.4,12.45,11.15
"2019-11-21 10:02:00",713,-351.2358,1.988,0,10.19,83.4,12.4,11.17
"2019-11-21 10:03:00",714,1293.899,2.010167,0,10.04,83.4,12.42,11.18
"2019-11-21 10:04:00",715,8569.631,1.993533,0,9.92,83.4,12.39,11.19
"2019-11-21 10:05:00",716,8534.585,2.004667,0,10,83.4,12.42,11.2
"2019-11-21 10:06:00",717,8505.483,2.035733,0.7765,"NAN",83.4,12.41,11.2
"2019-11-21 10:07:00",718,8346.646,2.027167,3.8825,"NAN",83.4,12.4,11.22
"2019-11-21 10:08:00",719,8362.033,2.039567,2.3295,"NAN",83.4,12.43,11.22
"2019-11-21 10:09:00",720,8247.52,2.042067,1.553,"NAN",83.4,12.4,11.24
"2019-11-21 10:10:00",721,8148.638,2.0443,7.765033,"NAN",83.4,12.43,11.24
"2019-11-21 10:11:00",722,8285.156,2.050067,9.3181,"NAN",83.4,12.43,11.25
"2019-11-21 10:12:00",723,9486.693,2.119533,1.553,"NAN",83.4,12.38,11.26
"2019-11-21 10:13:00",724,10383.09,2.177733,0.7765,-0.823,83.4,12.42,11.27
"2019-11-21 10:14:00",725,10232.43,2.1661,0,-0.559,83.4,12.36,11.28
"2019-11-21 10:15:00",726,10433.84,2.1622,0,-0.235,83.4,12.41,11.3
"2019-11-21 10:16:00",727,10831.74,2.1906,1.553,"NAN",83.4,12.3,11.31
"2019-11-21 10:17:00",728,11585.62,2.1889,0,"NAN",83.4,12.27,11.34
"2019-11-21 10:18:00",729,11388.82,2.204633,3.882533,"NAN",83.4,12.2,11.36
"2019-11-21 10:19:00",730,11929.31,2.1865,0,"NAN",83.4,12.27,11.39
"2019-11-21 10:20:00",731,"NAN",2.154033,0.7765,"NAN","NAN","NAN",11.42
"2019-11-21 10:21:00",732,13536.97,2.1592,1.553,"NAN",85.5,12.44,11.45
"2019-11-21 10:22:00",733,"NAN",2.192,0.7765,"NAN",84.1,12.45,11.47
"2019-11-21 10:23:00",734,"NAN",2.235566,0,"NAN",83.6,12.43,11.49
"2019-11-21 10:24:00",735,"NAN",2.259767,2.3295,"NAN","NAN","NAN",11.5
"2019-11-21 10:25:00",736,21694.16,2.352233,4.659033,"NAN",87.9,12.43,11.52
"2019-11-21 10:26:00",737,19617.62,2.399533,0.7765,"NAN",84.8,12.41,11.54
"2019-11-21 10:27:00",738,"NAN",2.307567,0,"NAN",88.3,12.42,11.55
"2019-11-21 10:28:00",739,"NAN",2.180067,1.553,"NAN",86.2,12.41,11.57
"2019-11-21 10:29:00",740,"NAN",2.287733,5.435533,1.941,"NAN","NAN",11.61
"2019-11-21 10:30:00",741,"NAN",2.2116,0.7765,2.088,"NAN","NAN",18.56
"2019-11-21 10:31:00",742,"NAN",2.1898,0,2.433,"NAN","NAN",11.42
"2019-11-21 10:32:00",743,12553.23,2.1748,1.553,"NAN",85.8,12.41,11.49
"2019-11-21 10:33:00",744,"NAN",2.2955,0,"NAN",84.2,12.38,11.53
"2019-11-21 10:34:00",745,19905.22,2.182233,3.882567,"NAN",83.7,12.35,11.57
"2019-11-21 10:35:00",746,20074.17,2.5043,2.3295,"NAN",83.5,12.39,11.59
"2019-11-21 10:36:00",747,22889.5,2.193633,3.106033,"NAN",83.4,12.25,11.61
"2019-11-21 10:37:00",748,"NAN",2.171333,0.7765,"NAN","NAN","NAN",11.5
"2019-11-21 10:38:00",749,20693.04,2.1613,3.106,"NAN",87.9,12.39,11.54
"2019-11-21 10:39:00",750,15041.03,2.146266,0,"NAN",84.9,12.38,11.59
"2019-11-21 10:40:00",751,21265.99,2.146,0.7765,"NAN",83.9,12.38,11.65
"2019-11-21 10:41:00",752,13786.37,2.123367,0.7765,"NAN",83.5,12.42,11.69
"2019-11-21 10:42:00",753,16957.24,2.1972,1.553,"NAN",83.4,12.4,11.74
"2019-11-21 10:43:00",754,18519.83,2.2046,1.553,"NAN",83.4,12.4,11.78
"2019-11-21 10:44:00",755,19873.95,2.339267,1.553,"NAN",83.4,12.4,11.83
"2019-11-21 10:45:00",756,21306.04,2.411233,1.553,"NAN",83.4,12.4,11.88
"2019-11-21 10:46:00",757,20910.96,2.3061,0.7765,"NAN",83.4,12.33,11.93
"2019-11-21 10:47:00",758,"NAN",2.555866,2.3295,"NAN","NAN","NAN",11.97
"2019-11-21 10:48:00",759,"NAN",2.219633,0,"NAN","NAN","NAN",12.02
"2019-11-21 10:49:00",760,21343.12,2.1775,0,"NAN",86.2,12.3,12.06
"2019-11-21 10:50:00",761,"NAN",2.163867,0,2.564,84.3,12.34,12.1
"2019-11-21 10:51:00",762,22885.84,2.177733,1.553,2.473,83.7,12.36,12.13
"2019-11-21 10:52:00",763,"NAN",2.13,2.3295,2.47,83.5,12.36,12.15
"2019-11-21 10:53:00",764,15144.47,2.1694,1.553,"NAN",83.4,12.36,12.18
"2019-11-21 10:54:00",765,17819.12,2.190067,1.553,2.965,83.4,12.34,12.2
"2019-11-21 10:55:00",766,"NAN",2.178566,1.553,2.921,"NAN","NAN",12.22
"2019-11-21 10:56:00",767,"NAN",2.194933,1.553,3.255,"NAN","NAN",12.13
"2019-11-21 10:57:00",768,"NAN",2.189766,1.553,2.702,87.9,12.2,12.17
"2019-11-21 10:58:00",769,9785.487,2.201267,1.553,2.241,84.9,12.35,12.22
"2019-11-21 10:59:00",770,11544.64,2.187067,0.7765,"NAN",83.9,12.39,12.26
"2019-11-21 11:00:00",771,10811.46,2.1815,0,"NAN",83.6,12.4,12.28
"2019-11-21 11:01:00",772,"NAN",2.256567,0,2.551,"NAN","NAN",12.3
"2019-11-21 11:02:00",773,12224.56,2.169567,1.553,2.562,87.7,12.35,12.15
"2019-11-21 11:03:00",774,13533.62,2.1912,0.7765,2.543,84.8,12.38,12.19
"2019-11-21 11:04:00",775,15867.74,2.166566,2.3295,2.789,83.9,12.38,12.22
"2019-11-21 11:05:00",776,13498.85,2.167533,0,2.721,83.5,12.38,12.26
"2019-11-21 11:06:00",777,12115.39,2.155066,0,2.685,83.4,12.37,12.28
"2019-11-21 11:07:00",778,19184.02,2.176333,1.553,2.769,83.4,12.36,12.31
"2019-11-21 11:08:00",779,18854.81,2.174066,0.7765,2.909,83.4,12.37,12.32
"2019-11-21 11:09:00",780,18655.01,2.153533,2.3295,2.925,83.4,12.37,12.33
"2019-11-21 11:10:00",781,"NAN",2.147567,2.3295,2.97,"NAN","NAN",12.35
"2019-11-21 11:11:00",782,11187.91,2.140666,0.7765,2.741,87.2,12.35,12.37
"2019-11-21 11:12:00",783,10321.7,2.1644,1.553,2.881,84.6,12.32,12.39
"2019-11-21 11:13:00",784,"NAN",2.194866,0.7765,2.964,"NAN","NAN",19.34
"2019-11-21 11:14:00",785,"NAN",2.180633,0,2.899,89.6,12.34,12.42
"2019-11-21 11:15:00",786,25146.12,2.197867,1.553,2.876,85.1,12.33,12.44
"2019-11-21 11:16:00",787,21905.31,2.175866,1.553,3.005,84,12.33,12.45
"2019-11-21 11:17:00",788,"NAN",2.124333,1.553,3.187,"NAN",12.29,12.46
"2019-11-21 11:18:00",789,"NAN",2.135867,0.7765,3,88.3,12.32,12.48
"2019-11-21 11:19:00",790,18071.36,2.121433,0.7765,2.985,85,12.29,12.5
"2019-11-21 11:20:00",791,"NAN",2.127967,1.553,3.106,83.9,12.3,12.52
"2019-11-21 11:21:00",792,9880.779,2.111967,0,3.038,83.6,12.3,12.55
"2019-11-21 11:22:00",793,6079.206,1.534533,0,8.71,83.4,12.29,12.58
"2019-11-21 11:23:00",794,4741.693,1.421333,1.553,9.76,83.4,12.3,12.61
"2019-11-21 11:24:00",795,5128.198,1.488533,9.318067,9.52,83.4,12.28,12.64
"2019-11-21 11:25:00",796,5550.869,1.5617,2.3295,9.15,83.4,12.29,12.69
"2019-11-21 11:26:00",797,5981.268,1.642733,5.435533,9.35,83.4,12.3,12.73
"2019-11-21 11:27:00",798,6194.947,1.721133,1.553,9.27,83.4,12.29,12.78
"2019-11-21 11:28:00",799,6485.626,1.794433,4.658999,9.56,83.4,12.28,12.82
"2019-11-21 11:29:00",800,6500.335,1.808133,3.106,9.4,83.4,12.29,12.86
"2019-11-21 11:30:00",801,6465.154,1.8265,0,9.43,83.4,12.28,12.9
"2019-11-21 11:31:00",802,6659.117,1.880933,0,9.4,83.4,12.27,12.92
"2019-11-21 11:32:00",803,6751.521,1.8944,2.3295,9.51,83.4,12.29,12.95
"2019-11-21 11:33:00",804,6926.964,1.947167,0.7765,9.53,83.4,12.29,12.97
"2019-11-21 11:34:00",805,6973.874,1.9502,0.7765,9.53,83.4,12.1,12.99
"2019-11-21 11:35:00",806,6951.063,1.952667,0.7765,9.64,83.4,11.93,13.01
"2019-11-21 11:36:00",807,6961.519,1.981733,0,9.62,83.4,12.13,13.02
